  0  29  32  15   2  23
  31  16   1  22  33  14
 28  35  30  13  24   3
  17   8   5  34  21  12
   6  27  10  19   4  25
   9  18   7  26  11  20
   0   9  30  39  20  13  28  37
  31  40   1  10  29  38  21  12
   8  47  32  19  14  11  36  27
  41   2  43  46   5  24  17  22
  44   7   4  33  18  15  26  35
   3  42  45   6  25  34  23  16
   0  45  16  49   2   5  30  51
  17  48   1   6  29  50  55   4
  44  63  46  15  26   3  52  31
  47  18   7  28   9  54  25  56
  62  43  10  21  14  27  32  53
  11  40  19   8  35  22  57  24
  42  61  38  13  20  59  36  33
  39  12  41  60  37  34  23  58
   0  45  36  65   2  47  34  67   4   7
  37  64   1  46  35  66   3   6  33  68
  44  79  38  23  48  17  30  51   8   5
  63  22  43  20  29  14  49  18  69  32
  78  39  24  13  16  19  52  31  50   9
  25  62  21  42  53  28  15  72  57  70
  40  77  60  27  12  75  58  55  10  73
  61  26  41  76  59  54  11  74  71  56
0  53  68  65   2  55  38  63   4   7
  67  70   1  54  37  64   3   6  87  62
  52  99  66  69  56  25  34  39   8   5
  71  74  51  26  41  36  57  86  61  88
  98  29  72  43  24  33  40  35  58   9
  73  50  75  30  27  42  85  80  89  60
  76  97  28  23  44  79  32  59  10  91
  49  22  47  78  31  84  81  90  13  16
  96  77  20  83  94  45  18  15  92  11
  21  48  95  46  19  82  93  12  17  14
   0   3 118  99  64   5  68 101  70   7  74 103
 117  98   1   4  67 100  41   6  27 102  71   8
   2 119  96  63  40  65  24  69  38  73 104  75
  97 116  47  66  61  42  39  26  59  28   9  72
  92  95  62  43  46  25  60  23  32  37  76 105
 115  50  93  48  19  22  45  36  29  58  33  10
  94  91 114  51  44  53  20  31  34  79 106  77
 113  88  49  18  21  84  35  54  57  30  11  80
  90  17  86 111  52  15  56 109  82  13  78 107
  87 112  89  16  85 110  83  14  55 108  81  12